0.00471226234279176 0.0120741514342747
0.0246622391156164 0.0277297646869927
0.0598804231365072 0.0425180741585889
0.109242998051599 0.0559419235967028
0.171164420391655 0.0675681842342645
0.243654731456762 0.0770228805384039
0.324384118273062 0.0840020510782254
0.410757909252076 0.088281352683496
0.5 0.0897232351781021
0.589242090747924 0.0882813526834964
0.675615881726938 0.0840020510782247
0.756345268543239 0.0770228805384052
0.828835579608345 0.0675681842342632
0.890757001948401 0.0559419235967019
0.940119576863493 0.0425180741585896
0.975337760884384 0.0277297646869937
0.995287737657209 0.012074151434274
